8.234295654296875000e+02
5.882313232421875000e+02
6.053379516601562500e+02
1.449631713867187500e+03
9.684595947265625000e+02
9.033844604492187500e+02
7.194490356445312500e+02
1.016477294921875000e+03
1.161989135742187500e+03
8.938027343750000000e+02
7.505021362304687500e+02
8.950844726562500000e+02
8.153906250000000000e+02
4.431340942382812500e+02
6.344603881835937500e+02
7.470709228515625000e+02
5.609381103515625000e+02
7.878162231445312500e+02
8.673258056640625000e+02
9.001090087890625000e+02
9.924776611328125000e+02
1.410710693359375000e+03
1.165252563476562500e+03
7.012384643554687500e+02
7.704652099609375000e+02
1.145894042968750000e+03
7.434174194335937500e+02
5.185918579101562500e+02
1.130700683593750000e+03
8.935724487304687500e+02
9.281352539062500000e+02
6.414510498046875000e+02
7.021415405273437500e+02
6.818054809570312500e+02
6.728306274414062500e+02
8.299138183593750000e+02
6.609576416015625000e+02
7.084164428710937500e+02
