7.481123657226562500e+02
5.383984375000000000e+02
5.518035888671875000e+02
1.323004638671875000e+03
8.773421630859375000e+02
8.144996337890625000e+02
6.575438232421875000e+02
9.353414306640625000e+02
1.050950195312500000e+03
8.207086791992187500e+02
6.871715698242187500e+02
8.177310180664062500e+02
7.599071655273437500e+02
4.097643127441406250e+02
5.792622680664062500e+02
6.864235229492187500e+02
5.048775024414062500e+02
7.253079223632812500e+02
7.893321533203125000e+02
8.110974731445312500e+02
8.947025756835937500e+02
1.280895263671875000e+03
1.058678955078125000e+03
6.375648193359375000e+02
7.014340209960937500e+02
9.306668701171875000e+02
1.046652709960937500e+03
6.601631469726562500e+02
6.809331665039062500e+02
4.668317565917968750e+02
1.036487670898437500e+03
8.180812377929687500e+02
8.389771118164062500e+02
5.847086181640625000e+02
6.374621582031250000e+02
6.225567626953125000e+02
6.089591064453125000e+02
7.499005126953125000e+02
6.014475708007812500e+02
6.438025512695312500e+02
