1.073008846799616322e+03
6.999827821965802741e+02
6.903053006320529903e+02
1.767829227330614913e+03
1.270678061130813603e+03
1.267090333680270078e+03
8.724592080920481294e+02
1.227584161184210416e+03
1.382102983769645562e+03
1.081520007631179169e+03
9.584396175915455842e+02
1.124702812157346443e+03
9.373939083915844321e+02
5.214438641393114722e+02
8.627879246619152127e+02
9.512689313065378656e+02
7.206866600991411360e+02
9.530796236950611728e+02
1.040118305357102145e+03
1.265559756159196922e+03
1.178763836327268336e+03
1.622293966842562213e+03
1.280072852304915841e+03
9.177589099763569038e+02
9.385312855217471224e+02
1.299771773474620886e+03
1.382957984654833808e+03
8.048430463324652919e+02
9.465804153531615839e+02
6.549966125702439967e+02
1.337467496730514540e+03
1.121121731570952079e+03
1.120916189971388349e+03
8.639486658714249643e+02
8.822765672685947038e+02
8.886956495425575895e+02
7.817199505151224912e+02
1.064043807166027136e+03
8.183151977967379480e+02
8.886437840119300517e+02
